outlet_name,Afghanistan Conflict,Boko Haram Insurgency (Nigeria),Burkinabe Insurgency,Cameroonian Anglophone Crisis,Colombian Conflict,Israel-Palestine Conflict,Kashmir Conflict (India/Pakistan),Kivu Conflict (DRC),Libyan Civil War,Malian Conflict,Mozambican Insurgency,Myanmar Civil War,Nagorno-Karabakh Conflict,Russian Invasion of Ukraine,Somali Civil War,South Sudanese Civil War,Sudanese Conflict,Syrian Civil War,Tigray War (Ethiopia),Yemeni Civil War
ABC,9.090909090909092,0.0,0.0,0.0,0.0,0.0,0.0,0.0,0.0,0.0,0.0,0.0,0.0,72.72727272727273,0.0,0.0,0.0,9.090909090909092,0.0,9.090909090909092
ABC News,0.0,0.0,0.0,0.0,0.0,0.0,0.0,0.0,0.0,0.0,0.0,0.0,0.0,100.0,0.0,0.0,0.0,0.0,0.0,0.0
Al Jazeera,2.9925187032418954,0.4987531172069825,0.4987531172069825,1.4962593516209477,5.985037406483791,13.96508728179551,0.7481296758104738,6.982543640897755,0.7481296758104738,4.987531172069826,1.2468827930174564,9.72568578553616,6.982543640897755,18.952618453865338,2.493765586034913,2.493765586034913,11.471321695760599,2.2443890274314215,1.2468827930174564,4.239401496259352
Amnesty International publications,1.639344262295082,0.0,0.0,0.546448087431694,5.46448087431694,21.311475409836063,0.546448087431694,2.73224043715847,7.650273224043716,3.825136612021858,0.0,5.46448087431694,2.73224043715847,13.661202185792352,3.825136612021858,1.639344262295082,8.743169398907105,5.46448087431694,5.46448087431694,9.289617486338798
Arab News,4.983922829581994,0.0,0.482315112540193,0.0,7.877813504823152,9.646302250803858,3.376205787781351,0.6430868167202572,5.627009646302251,8.520900321543408,0.3215434083601286,8.520900321543408,4.983922829581994,11.414790996784566,6.270096463022508,0.3215434083601286,8.520900321543408,8.19935691318328,1.2861736334405145,9.003215434083602
Associated Press (AP),5.029013539651837,0.5802707930367506,0.19342359767891684,0.0,11.798839458413926,17.988394584139265,5.222437137330754,1.3539651837524178,4.061895551257253,0.0,0.19342359767891684,12.18568665377176,4.061895551257253,9.477756286266924,1.3539651837524178,3.0947775628626695,11.02514506769826,7.543520309477756,0.9671179883945842,3.8684719535783367
BBC News,3.0959752321981426,1.5479876160990713,4.024767801857585,0.9287925696594427,1.238390092879257,17.647058823529413,0.6191950464396285,3.7151702786377707,1.238390092879257,4.024767801857585,4.953560371517028,7.120743034055728,7.739938080495357,15.170278637770899,2.1671826625387,0.6191950464396285,10.8359133126935,3.7151702786377707,4.024767801857585,5.572755417956656
Bloomberg,1.4553014553014554,0.6237006237006237,0.6237006237006237,0.0,10.187110187110187,16.632016632016633,1.4553014553014554,1.8711018711018712,2.494802494802495,0.0,6.029106029106029,4.98960498960499,7.900207900207901,15.800415800415802,6.652806652806653,1.8711018711018712,8.316008316008316,3.118503118503119,0.6237006237006237,9.355509355509357
CBC News,6.967213114754098,0.0,0.4098360655737705,0.0,6.147540983606557,40.16393442622951,2.459016393442623,0.0,2.0491803278688523,0.0,0.0,2.459016393442623,3.278688524590164,19.262295081967213,1.2295081967213115,2.0491803278688523,8.60655737704918,1.2295081967213115,1.2295081967213115,2.459016393442623
CBS News,2.734375,0.390625,0.0,0.0,21.484375,35.9375,0.78125,0.0,2.734375,0.0,0.0,2.34375,0.78125,17.1875,0.390625,0.0,3.90625,0.78125,0.78125,9.765625
CCTV (China Central Television),25.0,0.0,0.0,0.0,0.0,75.0,0.0,0.0,0.0,0.0,0.0,0.0,0.0,0.0,0.0,0.0,0.0,0.0,0.0,0.0
CNN ,4.861111111111112,2.083333333333333,0.3472222222222222,0.0,13.541666666666666,29.86111111111111,1.3888888888888888,0.6944444444444444,0.6944444444444444,0.0,0.0,6.597222222222222,7.638888888888889,13.541666666666666,1.3888888888888888,0.3472222222222222,10.76388888888889,1.7361111111111112,0.6944444444444444,3.8194444444444446
Carnegie Endowment for International Peace publications,6.694560669456067,0.0,0.0,0.41841004184100417,5.857740585774058,18.410041841004183,0.41841004184100417,0.0,2.510460251046025,5.439330543933055,0.0,7.531380753138076,13.807531380753138,8.786610878661087,7.112970711297072,2.092050209205021,11.715481171548117,3.3472803347280333,1.6736401673640167,4.184100418410042
Channel 4 News,2.1739130434782608,0.0,0.0,0.0,0.0,47.82608695652174,0.0,0.0,1.0869565217391304,0.0,0.0,8.695652173913043,1.0869565217391304,25.0,0.0,1.0869565217391304,7.608695652173914,1.0869565217391304,3.260869565217391,1.0869565217391304
China Daily,6.341463414634147,0.0,0.0,0.0,10.731707317073171,39.02439024390244,0.4878048780487805,0.4878048780487805,0.0,0.975609756097561,0.0,3.414634146341464,0.0,12.195121951219512,1.4634146341463417,0.0,10.24390243902439,7.317073170731707,0.0,7.317073170731707
Council on Foreign Relations,1.7543859649122806,2.631578947368421,0.0,0.8771929824561403,8.771929824561402,20.175438596491226,8.771929824561402,1.3157894736842104,1.7543859649122806,1.7543859649122806,0.43859649122807015,7.456140350877193,2.1929824561403506,11.403508771929824,7.894736842105263,2.1929824561403506,5.701754385964912,4.824561403508771,2.631578947368421,7.456140350877193
Daily Mail,2.272727272727273,2.5,0.0,0.22727272727272727,6.8181818181818175,20.681818181818183,0.45454545454545453,0.22727272727272727,10.0,7.727272727272727,0.22727272727272727,2.0454545454545454,2.727272727272727,22.727272727272727,2.9545454545454546,1.8181818181818181,6.363636363636363,2.727272727272727,1.5909090909090908,5.909090909090909
Dawn,7.722007722007722,0.0,0.0,0.0,13.8996138996139,34.74903474903475,3.088803088803089,0.0,2.7027027027027026,0.7722007722007722,0.0,2.3166023166023164,1.9305019305019304,13.127413127413126,1.1583011583011582,0.0,9.652509652509652,5.405405405405405,0.7722007722007722,2.7027027027027026
Der Spiegel,0.0,0.0,0.0,0.0,6.0606060606060606,24.242424242424242,0.0,0.0,9.090909090909092,0.0,0.0,3.0303030303030303,6.0606060606060606,48.484848484848484,0.0,0.0,0.0,3.0303030303030303,0.0,0.0
Deutsche Welle,3.9906103286384975,0.2347417840375587,1.8779342723004695,1.643192488262911,1.8779342723004695,19.953051643192488,0.9389671361502347,5.633802816901409,1.1737089201877933,6.103286384976526,1.643192488262911,7.042253521126761,11.502347417840376,10.56338028169014,0.9389671361502347,0.7042253521126761,12.910798122065728,4.929577464788732,3.286384976525822,3.051643192488263
El Mundo,0.0,0.0,0.0,0.0,0.0,0.0,0.0,0.0,0.0,0.0,0.0,0.0,0.0,100.0,0.0,0.0,0.0,0.0,0.0,0.0
El País,12.903225806451612,0.0,0.0,0.0,9.032258064516128,24.516129032258064,0.0,0.6451612903225806,1.935483870967742,3.870967741935484,0.0,2.258064516129032,4.516129032258064,10.0,1.935483870967742,0.967741935483871,7.741935483870968,9.032258064516128,1.2903225806451613,9.35483870967742
Evening Standard,2.643171806167401,0.4405286343612335,0.0,0.0,14.096916299559473,36.56387665198238,0.0,0.0,3.524229074889868,1.3215859030837005,0.4405286343612335,0.4405286343612335,2.2026431718061676,11.013215859030836,2.2026431718061676,0.0,13.215859030837004,3.0837004405286343,0.0,8.81057268722467
Financial Times,2.785515320334262,0.8356545961002786,0.8356545961002786,0.0,4.456824512534819,17.548746518105848,1.6713091922005572,1.392757660167131,3.064066852367688,11.142061281337048,6.963788300835655,2.2284122562674096,9.192200557103064,20.61281337047354,3.064066852367688,1.9498607242339834,1.9498607242339834,1.9498607242339834,2.5069637883008355,5.8495821727019495
Foreign Affairs,2.4539877300613497,0.0,0.0,0.0,4.9079754601226995,30.67484662576687,1.8404907975460123,0.0,1.2269938650306749,2.4539877300613497,0.0,7.975460122699387,4.294478527607362,19.018404907975462,0.6134969325153374,1.8404907975460123,7.975460122699387,1.8404907975460123,4.294478527607362,8.588957055214724
Foreign Policy,1.834862385321101,2.7522935779816518,0.9174311926605505,0.0,9.174311926605505,29.357798165137616,2.293577981651376,4.128440366972478,1.3761467889908259,3.669724770642202,0.0,3.669724770642202,7.339449541284404,10.550458715596331,1.834862385321101,0.0,8.256880733944955,4.587155963302752,4.128440366972478,4.128440366972478
Fox News,5.526315789473684,0.5263157894736842,0.2631578947368421,0.0,16.57894736842105,24.47368421052632,3.1578947368421053,0.5263157894736842,4.473684210526316,0.0,0.5263157894736842,6.578947368421052,1.0526315789473684,12.368421052631579,1.0526315789473684,0.5263157894736842,13.421052631578947,5.0,1.0526315789473684,2.8947368421052633
France 24,1.7241379310344827,0.8620689655172413,3.7356321839080464,2.2988505747126435,4.597701149425287,18.96551724137931,4.022988505747127,4.597701149425287,0.5747126436781609,2.8735632183908044,0.5747126436781609,7.183908045977011,11.781609195402298,10.344827586206897,2.0114942528735633,0.28735632183908044,15.229885057471265,3.1609195402298855,1.7241379310344827,3.4482758620689653
Global Times,3.125,0.0,0.0,0.0,3.125,50.625,1.25,0.0,0.625,3.125,0.0,6.875000000000001,0.625,10.625,0.0,0.0,13.125,4.375,0.625,1.875
Haaretz ,13.27683615819209,0.0,0.0,0.0,15.819209039548024,19.2090395480226,0.847457627118644,0.0,3.389830508474576,1.4124293785310735,0.0,3.1073446327683616,4.80225988700565,6.497175141242938,3.1073446327683616,1.4124293785310735,11.299435028248588,5.084745762711865,1.977401129943503,8.757062146892656
Human Rights Watch reports,23.076923076923077,0.0,0.0,0.0,7.6923076923076925,0.0,0.0,0.0,0.0,0.0,0.0,7.6923076923076925,0.0,7.6923076923076925,7.6923076923076925,0.0,15.384615384615385,7.6923076923076925,23.076923076923077,0.0
IRNA (Islamic Republic News Agency),3.125,0.0,0.0,0.0,0.0,59.375,6.25,0.0,6.25,3.125,0.0,0.0,3.125,3.125,3.125,0.0,3.125,0.0,0.0,9.375
ITV News,0.0,0.0,0.0,0.0,0.0,33.33333333333333,0.0,0.0,0.0,0.0,0.0,0.0,0.0,44.44444444444444,0.0,0.0,11.11111111111111,0.0,0.0,11.11111111111111
Institute for International Strategic Studies (IISS) publications,8.461538461538462,0.0,0.0,0.0,4.615384615384616,7.6923076923076925,5.384615384615385,0.0,1.5384615384615385,0.7692307692307693,0.0,23.846153846153847,3.076923076923077,23.076923076923077,0.7692307692307693,0.0,12.307692307692308,6.153846153846154,1.5384615384615385,0.7692307692307693
Interfax,0.0,0.0,0.0,0.0,0.0,0.0,0.0,0.0,0.0,0.0,0.0,0.0,0.0,0.0,0.0,0.0,100.0,0.0,0.0,0.0
International Affairs,3.125,0.0,0.0,9.375,12.5,12.5,0.0,3.125,3.125,3.125,0.0,15.625,0.0,18.75,0.0,0.0,3.125,12.5,0.0,3.125
International Crisis Group reports,5.625,0.0,0.625,3.125,6.25,20.0,3.125,2.5,3.75,8.125,3.75,6.25,3.75,7.5,0.625,0.0,11.25,4.375,6.875000000000001,2.5
Jane’s Defence Weekly,33.33333333333333,0.0,0.0,0.0,0.0,6.666666666666667,0.0,0.0,0.0,6.666666666666667,0.0,0.0,0.0,40.0,0.0,0.0,13.333333333333334,0.0,0.0,0.0
Just Security,8.29875518672199,0.0,0.0,0.4149377593360996,9.54356846473029,20.33195020746888,0.0,0.4149377593360996,8.29875518672199,2.0746887966804977,0.0,7.468879668049793,1.2448132780082988,9.54356846473029,2.4896265560165975,2.4896265560165975,6.224066390041494,13.278008298755188,2.0746887966804977,5.809128630705394
La Croix,3.9603960396039604,0.0,0.0,0.9900990099009901,5.9405940594059405,38.613861386138616,0.0,0.9900990099009901,0.49504950495049505,2.9702970297029703,0.0,1.9801980198019802,1.9801980198019802,28.71287128712871,0.49504950495049505,0.0,7.425742574257425,1.4851485148514851,3.9603960396039604,0.0
La Razón,0.0,0.0,0.0,0.0,0.0,50.0,0.0,0.0,0.0,0.0,0.0,0.0,0.0,0.0,0.0,0.0,0.0,50.0,0.0,0.0
La Vanguardia,0.0,0.0,0.0,0.0,0.0,25.0,0.0,0.0,0.0,0.0,0.0,0.0,0.0,75.0,0.0,0.0,0.0,0.0,0.0,0.0
Lawfare Blog,25.0,0.0,0.0,0.0,0.0,0.0,0.0,0.0,0.0,0.0,0.0,0.0,0.0,50.0,25.0,0.0,0.0,0.0,0.0,0.0
Le Figaro,0.0,0.0,0.0,0.0,0.0,33.33333333333333,0.0,0.0,0.0,0.0,0.0,0.0,0.0,66.66666666666666,0.0,0.0,0.0,0.0,0.0,0.0
Le Monde,6.5009560229445515,0.19120458891013384,0.3824091778202677,0.0,8.604206500956023,14.91395793499044,0.19120458891013384,3.632887189292543,7.265774378585086,4.97131931166348,0.3824091778202677,3.0592734225621414,9.177820267686425,8.98661567877629,2.48565965583174,0.19120458891013384,6.118546845124283,7.839388145315487,4.2065009560229445,10.89866156787763
Libération,0.0,0.0,0.0,0.0,0.0,0.0,0.0,0.0,0.0,0.0,0.0,0.0,0.0,50.0,0.0,0.0,0.0,50.0,0.0,0.0
Los Angeles Times,0.0,0.0,0.0,0.0,0.0,0.0,0.0,0.0,0.0,0.0,0.0,0.0,100.0,0.0,0.0,0.0,0.0,0.0,0.0,0.0
Mediapart,0.0,0.0,0.0,0.0,0.0,26.923076923076923,0.0,0.0,38.46153846153847,0.0,0.0,0.0,0.0,26.923076923076923,0.0,0.0,0.0,7.6923076923076925,0.0,0.0
Metro,15.343915343915343,0.5291005291005291,0.0,0.0,1.5873015873015872,41.7989417989418,1.0582010582010581,0.0,0.5291005291005291,0.5291005291005291,0.0,0.0,2.1164021164021163,13.756613756613756,1.5873015873015872,0.5291005291005291,5.82010582010582,11.11111111111111,0.0,3.7037037037037033
People's Daily,15.0,0.0,0.0,0.0,3.3333333333333335,48.333333333333336,0.0,0.0,1.6666666666666667,0.0,0.0,1.6666666666666667,0.0,10.0,0.0,0.0,10.0,6.666666666666667,1.6666666666666667,1.6666666666666667
Press TV,12.139917695473251,0.205761316872428,0.0,0.0,5.1440329218107,15.22633744855967,4.11522633744856,0.0,4.732510288065844,2.263374485596708,0.0,1.646090534979424,2.674897119341564,12.962962962962962,2.674897119341564,0.205761316872428,10.08230452674897,16.255144032921812,1.02880658436214,8.641975308641975
ProPublica,25.0,0.0,0.0,0.0,50.0,25.0,0.0,0.0,0.0,0.0,0.0,0.0,0.0,0.0,0.0,0.0,0.0,0.0,0.0,0.0
RT (Russia Today),15.454545454545453,0.0,0.30303030303030304,0.0,4.545454545454546,12.424242424242424,5.454545454545454,0.9090909090909091,1.8181818181818181,13.333333333333334,0.30303030303030304,0.30303030303030304,2.727272727272727,25.454545454545453,1.8181818181818181,0.0,7.2727272727272725,4.848484848484849,1.2121212121212122,1.8181818181818181
RTVE,0.0,0.0,0.0,0.0,0.0,50.0,0.0,0.0,0.0,0.0,0.0,0.0,0.0,0.0,0.0,0.0,50.0,0.0,0.0,0.0
Radio France Internationale (RFI),3.1784841075794623,0.0,2.2004889975550124,1.7114914425427872,8.06845965770171,16.625916870415647,1.466992665036675,5.8679706601467,0.9779951100244498,4.645476772616137,0.7334963325183375,2.93398533007335,9.7799511002445,9.535452322738386,3.1784841075794623,0.7334963325183375,10.513447432762836,8.312958435207824,1.466992665036675,8.06845965770171
Reuters,4.145077720207254,3.281519861830743,1.2089810017271159,0.8635578583765112,7.772020725388601,16.753022452504318,2.763385146804836,4.317789291882556,3.7996545768566494,0.0,0.5181347150259068,8.46286701208981,8.46286701208981,12.953367875647666,3.454231433506045,1.8998272884283247,9.499136442141623,4.490500863557859,1.2089810017271159,4.145077720207254
Sky News,3.1746031746031744,0.3968253968253968,0.0,0.0,5.952380952380952,30.555555555555557,1.1904761904761905,0.0,8.73015873015873,4.365079365079365,0.0,5.952380952380952,5.158730158730158,9.920634920634921,7.142857142857142,0.3968253968253968,7.142857142857142,2.380952380952381,0.7936507936507936,6.746031746031746
TASS,20.11173184357542,0.0,0.0,0.0,13.966480446927374,12.849162011173185,0.0,0.0,1.675977653631285,13.966480446927374,0.0,0.0,4.4692737430167595,18.994413407821227,0.0,0.0,3.35195530726257,7.5418994413407825,0.0,3.072625698324022
Tasnim News Agency,2.097902097902098,0.0,0.0,0.0,2.097902097902098,44.05594405594406,2.097902097902098,0.0,0.0,0.0,0.0,0.6993006993006993,3.4965034965034967,23.776223776223777,0.0,0.0,11.888111888111888,4.195804195804196,0.0,5.594405594405594
The Atlantic,6.185567010309279,1.0309278350515463,0.0,0.0,8.24742268041237,44.329896907216494,0.0,0.0,3.0927835051546393,0.0,0.0,5.154639175257731,1.0309278350515463,9.278350515463918,1.0309278350515463,2.0618556701030926,6.185567010309279,2.0618556701030926,3.0927835051546393,7.216494845360824
The Conversation UK,14.285714285714285,0.0,0.0,0.0,0.0,42.857142857142854,0.0,0.0,0.0,0.0,0.0,0.0,0.0,42.857142857142854,0.0,0.0,0.0,0.0,0.0,0.0
The Daily Telegraph,2.4691358024691357,0.0,0.0,0.0,6.419753086419753,22.469135802469136,0.49382716049382713,1.4814814814814816,1.9753086419753085,10.123456790123457,0.24691358024691357,4.938271604938271,8.395061728395062,16.790123456790123,3.45679012345679,1.9753086419753085,7.160493827160494,1.4814814814814816,1.4814814814814816,8.641975308641975
The Diplomat,6.1946902654867255,0.0,0.0,0.0,2.6548672566371683,25.663716814159294,3.982300884955752,0.0,3.0973451327433628,2.2123893805309733,0.4424778761061947,21.238938053097346,3.5398230088495577,9.29203539823009,2.6548672566371683,0.0,4.867256637168142,3.0973451327433628,0.4424778761061947,10.619469026548673
The Economist,3.070175438596491,0.0,0.0,0.0,6.140350877192982,28.50877192982456,1.3157894736842104,0.8771929824561403,0.8771929824561403,2.631578947368421,0.0,6.140350877192982,6.578947368421052,15.350877192982457,2.631578947368421,1.7543859649122806,6.578947368421052,2.631578947368421,5.701754385964912,9.210526315789473
The Globe and Mail,3.519061583577713,0.2932551319648094,0.0,0.0,6.744868035190615,28.152492668621704,0.2932551319648094,0.0,3.225806451612903,0.5865102639296188,0.0,10.263929618768328,2.346041055718475,22.28739002932551,0.2932551319648094,1.1730205278592376,11.143695014662756,3.519061583577713,2.932551319648094,3.225806451612903
The Guardian,4.1208791208791204,0.0,1.3736263736263736,1.098901098901099,3.021978021978022,16.758241758241756,0.27472527472527475,2.197802197802198,1.3736263736263736,6.593406593406594,0.27472527472527475,5.769230769230769,12.637362637362637,22.802197802197803,2.197802197802198,0.27472527472527475,10.43956043956044,2.4725274725274726,2.4725274725274726,3.8461538461538463
The Guardian International Edition,0.0,0.0,0.0,0.0,0.0,0.0,0.0,0.0,0.0,0.0,0.0,0.0,0.0,100.0,0.0,0.0,0.0,0.0,0.0,0.0
The Hill,3.8202247191011236,0.44943820224719105,0.0,0.0,14.606741573033707,17.528089887640448,0.44943820224719105,0.0,4.719101123595506,0.0,0.22471910112359553,14.831460674157304,2.247191011235955,11.685393258426966,4.269662921348314,2.0224719101123596,8.539325842696629,3.3707865168539324,2.0224719101123596,9.213483146067416
The Hindu,6.156716417910448,0.0,0.0,0.0,8.955223880597014,18.65671641791045,4.664179104477612,0.3731343283582089,1.8656716417910446,6.7164179104477615,0.0,13.805970149253731,1.6791044776119404,18.097014925373134,0.5597014925373134,0.7462686567164178,7.276119402985075,7.649253731343284,0.9328358208955223,1.8656716417910446
The Independent,1.0169491525423728,3.050847457627119,0.3389830508474576,0.3389830508474576,7.796610169491526,18.305084745762713,5.084745762711865,0.0,1.3559322033898304,5.084745762711865,0.6779661016949152,15.593220338983052,9.830508474576272,17.627118644067796,2.3728813559322033,1.694915254237288,7.457627118644068,0.6779661016949152,1.0169491525423728,0.6779661016949152
The Intercept,6.666666666666667,0.0,0.0,0.0,11.666666666666666,40.833333333333336,4.166666666666666,0.0,6.666666666666667,0.0,0.0,2.5,0.8333333333333334,4.166666666666666,5.833333333333333,0.8333333333333334,4.166666666666666,7.5,0.0,4.166666666666666
The International New York Times,0.0,0.0,0.0,0.0,3.3333333333333335,3.3333333333333335,0.0,0.0,0.0,0.0,0.0,3.3333333333333335,0.0,76.66666666666667,0.0,0.0,3.3333333333333335,6.666666666666667,0.0,3.3333333333333335
The Japan Times,5.054151624548736,0.0,0.0,0.0,3.9711191335740073,29.24187725631769,0.7220216606498195,0.0,1.083032490974729,0.7220216606498195,0.7220216606498195,9.386281588447654,2.888086642599278,19.855595667870034,0.0,0.36101083032490977,13.718411552346572,4.693140794223827,0.36101083032490977,7.2202166064981945
The Jerusalem Post,6.297229219143577,0.0,0.2518891687657431,0.0,17.632241813602015,16.876574307304786,0.7556675062972292,0.2518891687657431,2.518891687657431,1.2594458438287155,0.2518891687657431,3.022670025188917,5.541561712846348,10.327455919395465,2.518891687657431,4.030226700251889,8.060453400503778,10.075566750629724,0.7556675062972292,9.571788413098236
The Mirror,11.589403973509933,0.0,0.0,0.0,10.264900662251655,26.490066225165563,0.33112582781456956,0.0,1.3245033112582782,2.980132450331126,0.0,1.6556291390728477,0.9933774834437087,14.90066225165563,0.9933774834437087,0.6622516556291391,15.2317880794702,8.27814569536424,0.0,4.304635761589404
The New Statesman,9.929078014184398,0.0,0.0,0.0,2.127659574468085,41.843971631205676,0.0,0.0,2.127659574468085,3.546099290780142,0.0,2.127659574468085,2.127659574468085,15.602836879432624,0.0,0.0,4.964539007092199,7.801418439716312,0.7092198581560284,7.092198581560284
The New York Times,3.0973451327433628,2.6548672566371683,0.0,0.0,7.52212389380531,27.876106194690266,1.3274336283185841,1.3274336283185841,1.3274336283185841,0.0,1.7699115044247788,7.964601769911504,10.619469026548673,11.946902654867257,2.6548672566371683,0.4424778761061947,7.964601769911504,0.8849557522123894,1.3274336283185841,9.29203539823009
The Observer,8.333333333333332,0.0,0.0,0.0,0.0,16.666666666666664,0.0,0.0,8.333333333333332,0.0,4.166666666666666,0.0,0.0,50.0,0.0,0.0,4.166666666666666,8.333333333333332,0.0,0.0
The South China Morning Post,2.6865671641791042,0.0,0.0,0.0,8.358208955223882,26.56716417910448,3.2835820895522385,0.0,4.179104477611941,1.791044776119403,0.0,8.955223880597014,5.074626865671641,14.328358208955224,2.3880597014925375,0.2985074626865672,5.970149253731343,3.582089552238806,1.791044776119403,10.746268656716417
The Spectator,12.5,0.0,0.0,0.0,3.977272727272727,35.22727272727273,0.5681818181818182,0.0,2.272727272727273,1.7045454545454544,0.0,2.272727272727273,1.1363636363636365,12.5,1.1363636363636365,0.0,2.840909090909091,13.636363636363635,0.0,10.227272727272728
The Straits Times,10.483870967741936,0.0,0.0,0.0,7.526881720430108,18.548387096774192,2.1505376344086025,0.5376344086021506,1.6129032258064515,0.2688172043010753,0.0,16.93548387096774,1.3440860215053763,26.881720430107524,0.0,2.1505376344086025,3.763440860215054,5.64516129032258,0.5376344086021506,1.6129032258064515
The Sun,14.696485623003195,2.2364217252396164,0.0,0.0,7.0287539936102235,23.961661341853034,0.3194888178913738,0.0,0.9584664536741214,2.2364217252396164,0.0,0.6389776357827476,1.2779552715654952,20.12779552715655,2.2364217252396164,0.3194888178913738,7.348242811501597,12.140575079872203,0.0,4.472843450479233
The Sunday Times,66.66666666666666,0.0,0.0,0.0,0.0,0.0,0.0,0.0,0.0,0.0,0.0,0.0,0.0,33.33333333333333,0.0,0.0,0.0,0.0,0.0,0.0
The Sydney Morning Herald,1.8433179723502304,0.0,0.0,0.0,7.373271889400922,45.16129032258064,0.4608294930875576,0.0,2.7649769585253456,0.9216589861751152,0.0,5.0691244239631335,0.4608294930875576,27.64976958525346,0.0,1.3824884792626728,2.7649769585253456,1.8433179723502304,0.0,2.3041474654377883
The Times,3.4700315457413247,0.9463722397476341,0.0,0.31545741324921134,8.832807570977918,23.65930599369085,0.31545741324921134,0.0,3.4700315457413247,3.7854889589905363,0.0,4.73186119873817,3.1545741324921135,18.61198738170347,3.4700315457413247,1.2618296529968454,9.46372239747634,2.8391167192429023,1.5772870662460567,10.094637223974763
The Times of India,5.1923076923076925,0.0,0.38461538461538464,0.0,15.96153846153846,17.307692307692307,4.423076923076923,0.38461538461538464,2.1153846153846154,3.653846153846154,0.19230769230769232,7.307692307692308,1.3461538461538463,14.807692307692308,0.7692307692307693,1.5384615384615385,9.230769230769232,10.961538461538462,0.19230769230769232,4.230769230769231
The Washington Post,2.307692307692308,0.7692307692307693,0.0,0.38461538461538464,7.6923076923076925,25.384615384615383,1.153846153846154,0.0,2.307692307692308,0.0,0.0,9.230769230769232,10.0,14.23076923076923,2.6923076923076925,2.307692307692308,8.076923076923077,1.5384615384615385,3.076923076923077,8.846153846153847
USA Today,3.763440860215054,0.0,0.0,0.0,19.35483870967742,43.54838709677419,0.0,0.5376344086021506,0.0,0.0,0.0,3.225806451612903,0.5376344086021506,22.58064516129032,0.0,0.5376344086021506,4.301075268817205,0.0,0.0,1.6129032258064515
Vox,5.825242718446602,0.0,0.0,0.0,11.650485436893204,30.097087378640776,1.9417475728155338,0.0,1.9417475728155338,0.0,0.0,4.854368932038835,1.9417475728155338,11.650485436893204,0.9708737864077669,0.9708737864077669,11.650485436893204,0.0,2.912621359223301,13.592233009708737
Xinhua News Agency,13.013698630136986,0.3424657534246575,0.0,0.3424657534246575,1.7123287671232876,26.36986301369863,0.0,4.4520547945205475,0.0,0.684931506849315,0.0,0.3424657534246575,0.3424657534246575,8.21917808219178,0.684931506849315,0.684931506849315,17.465753424657535,18.835616438356166,1.36986301369863,5.136986301369863
